0.00  0.00  3.00  0.00   0
0.25  0.00  2.05  0.00   0
0.40  0.00  1.90  0.15  45
0.60  0.10  2.10  0.20  90
0.40  0.20  2.30  0.20  90
0.20  0.30  2.10  0.20  90
0.40  0.40  1.90  0.20  90
0.70  0.40  1.70  0.00   0
0.80  0.40  1.80  0.10  25
0.95  0.40  1.95  0.15 -90
1.10  0.40  1.80  0.15 -90
1.20  0.40  1.70  0.10  25
1.30  0.40  1.60  0.00   0
1.60  0.10  1.50  0.30 -90
1.30 -0.20  1.40  0.30 -90
0.80 -0.40  1.30  0.00   0
0.60 -0.20  1.20  0.20 -90
0.80  0.00  1.10  0.20 -90
1.00 -0.20  1.00  0.20 -90
0.80 -0.40  0.90  0.20 -90
0.60 -0.20  0.80  0.20 -90
0.80  0.00  0.70  0.20 -90
1.00 -0.20  0.60  0.20 -90
0.80 -0.40  0.60  0.20 -90
0.60 -0.20  0.65  0.00   0
0.50 -0.20  0.65  0.00   0
