0 .6 1.3 0 0
.3 .6 .6 0 0
.45 .65 .75 .15 90
.3 .7 .9 .15 90
.15 .75 .75 .15 90
.3 .8 .6 .15 90
.4 .8 .5 0 0
.5 .9 .525 .1 90
.4 1 .55 .1 90
.3 .9 .575 .1 90
.4 .8 .6 .1 90
.5 .8 .6 0 0
.55 .8 .65 .05 90
.6 .8 .7 .05 -90
.7 .8 .7 0 0
.75 .8 .65 .05 -90
.8 .8 .6 .05 90
.9 .9 .575 .1 90
.8 1 .55 .1 90
.7 .9 .525 .1 90
.8 .8 .5 .1 90
1 .6 .5 .2 -90
.8 .4 .5 .2 -90
.7 .5 .45 .1 -90
.8 .6 .4 .1 -90
.9 .5 .35 .1 -90
.9 .3 .3 0 0
1 .2 .25 .1 90
1.1 .3 .2 .1 90
1 .4 .15 .1 90
.8 .4 0 0 0
.4 .4 0 0 0
.1 .4 .4 0 0
