0       0       1.27	0       0
.46     0       .56     0       0
.595	0       .695	.135    90
.46     0       .83     .135	90
.325	.05     .695    .135	90
.46     .12     .56     .135	90
.635	.12     .56     0       0
.81     .295	.49     .175	90
.635	.47     .43     .175	90
.46     .295	.41     .175	90
.46     -.205	.38     0       0
.295	-.37	.44     .165	-90
.13     -.205	.42     .165	-90
.295	-.04	.33     .165	-90
.765	-.04	.26     0       0
.88     -.155	.25     .115	-90
.765	-.27	.22     .115	-90
.65     -.155	.18     .115	-90
.765	-.04	.18     .115	-90
.88     -.155	.07     .115	-90
.765	-.27	0       .115	-90
.455	-.27	.095    0       0
.095	-.27	0       0       0
-.405	-.27	.135    0       0